BASIS "ao basis" SPHERICAL PRINT
#BASIS SET: (9s,7p,7d) -> [5s,4p,3d]
Pb    S
     37.4583000              0.0248240              0.0000000              0.0067850              0.0000000
     23.3170000             -0.1810620              0.0000000             -0.0601870              0.0000000
     14.5759000              0.5007060              0.0000000              0.1889710              0.0000000
      6.4337600             -0.9797370              0.0000000             -0.4248380              0.0000000
      1.6671900              0.9666300              0.0000000              0.6220350              0.0000000
      0.8077320              0.4364870              0.0000000              0.3160880              0.0000000
      0.2270840              0.0136860              1.0000000             -0.7594740              0.0000000
      0.0842520             -0.0020210              0.0000000             -0.5151310              1.0000000
Pb    S
      0.0278000              1.0000000
Pb    P
     10.6186000              0.1701740             -0.0479540              0.0000000
      7.1878100             -0.4241790              0.1245560              0.0000000
      1.8943900              0.6934430             -0.2597760              0.0000000
      0.8167090              0.4737730             -0.1414800              0.0000000
      0.2036880              0.0290470              0.5317690              0.0000000
      0.0649730             -0.0043860              0.6087590              1.0000000
Pb    P
      0.0197000              1.0000000
Pb    D
     13.7266000              0.0107870              0.0000000
      6.9898300             -0.0666500              0.0000000
      2.1735200              0.3342590              0.0000000
      1.0281200              0.4826840              0.0000000
      0.4558570              0.3004140              0.0000000
      0.1822000              0.0632580              1.0000000
Pb    D
      0.0609000              1.0000000
END
